100
-2.35619,-0.78540,0.00000,1.57080,-2.35619,0.00000,2.35619,-1.57080
200
-2.35619,-0.78540,0.00000,1.57080,-2.35619,0.00000,2.35619,-1.57080
300
-2.35619,-0.78540,0.00000,1.57080,-2.35619,0.00000,2.35619,-1.57080
400
3.14159,0.00000,3.14159,1.57080,-2.35619,-2.35619,-1.57080,0.00000
500
0.78540,-2.35619,2.35619,-1.57080,-2.35619,-0.78540,-0.78540,0.00000
600
2.35619,-1.57080,1.57080,-2.35619,-1.57080,0.00000,0.78540,3.14159
700
1.57080,-2.35619,3.14159,-2.35619,-0.78540,-1.57080,0.00000,0.00000
800
1.57080,-2.35619,3.14159,-2.35619,-1.57080,-1.57080,-0.78540,0.78540
900
1.57080,-2.35619,3.14159,-2.35619,-1.57080,-1.57080,-0.78540,0.78540
1000
1.57080,-2.35619,3.14159,-1.57080,-1.57080,-0.78540,0.00000,0.78540
