100
-0.78540,1.57080,-2.35619,-2.35619,-1.57080,0.00000,-0.78540,0.78540
200
-0.78540,1.57080,-2.35619,-2.35619,-1.57080,0.00000,-0.78540,0.78540
300
-0.78540,1.57080,-2.35619,-2.35619,-1.57080,0.00000,-0.78540,0.78540
400
0.78540,-2.35619,1.57080,-2.35619,-1.57080,-1.57080,0.00000,0.78540
500
0.78540,-2.35619,1.57080,-2.35619,-1.57080,-1.57080,0.00000,0.78540
600
2.35619,-2.35619,3.14159,-2.35619,-0.78540,-2.35619,0.00000,-1.57080
700
2.35619,-2.35619,3.14159,-2.35619,-0.78540,-2.35619,-0.78540,-0.78540
800
2.35619,-2.35619,3.14159,-2.35619,-0.78540,-2.35619,-0.78540,-0.78540
900
1.57080,-2.35619,3.14159,-2.35619,-0.78540,-2.35619,-0.78540,0.00000
1000
1.57080,-2.35619,3.14159,-2.35619,-0.78540,-2.35619,-0.78540,0.00000
