100
-1.57080,-0.78540,0.00000,0.00000,1.57080,2.35619,-2.35619,0.00000
200
-1.57080,-0.78540,0.00000,0.00000,1.57080,2.35619,-2.35619,0.00000
300
-2.35619,-2.35619,0.00000,-0.78540,1.57080,0.78540,2.35619,-2.35619
400
-2.35619,-2.35619,-0.78540,-0.78540,0.78540,0.78540,2.35619,-2.35619
500
-2.35619,-2.35619,0.00000,-0.78540,1.57080,0.00000,1.57080,-2.35619
600
-2.35619,-2.35619,0.00000,-1.57080,0.78540,0.00000,1.57080,-2.35619
700
-2.35619,-2.35619,-0.78540,-0.78540,0.00000,0.78540,1.57080,-2.35619
800
-2.35619,-2.35619,-0.78540,-0.78540,0.00000,0.78540,1.57080,-2.35619
900
-2.35619,-2.35619,-0.78540,-0.78540,0.00000,0.78540,1.57080,-2.35619
1000
-2.35619,-2.35619,-0.78540,-0.78540,0.00000,0.78540,1.57080,-2.35619
