100
-2.35619,-2.35619,0.00000,1.57080,3.14159,-2.35619,-0.78540,-1.57080
200
-2.35619,-2.35619,0.00000,1.57080,3.14159,-2.35619,-0.78540,-1.57080
300
-2.35619,-2.35619,0.00000,1.57080,3.14159,-2.35619,-0.78540,-1.57080
400
-2.35619,-2.35619,0.00000,1.57080,3.14159,-2.35619,-0.78540,-1.57080
500
-2.35619,-2.35619,0.00000,1.57080,3.14159,-2.35619,-0.78540,-1.57080
600
-2.35619,-2.35619,0.00000,1.57080,3.14159,-2.35619,-0.78540,-1.57080
700
-2.35619,-2.35619,0.00000,1.57080,3.14159,-2.35619,-0.78540,-1.57080
800
-2.35619,-2.35619,0.00000,1.57080,3.14159,-2.35619,-0.78540,-1.57080
900
-2.35619,-2.35619,0.00000,1.57080,3.14159,-2.35619,-0.78540,-1.57080
1000
-2.35619,-2.35619,0.00000,1.57080,3.14159,-2.35619,-0.78540,-1.57080
