100
0.78540,-2.35619,1.57080,3.14159,-2.35619,-2.35619,-1.57080,0.00000
200
0.78540,-2.35619,1.57080,3.14159,-2.35619,-2.35619,-1.57080,0.00000
300
0.78540,-2.35619,1.57080,3.14159,-2.35619,-2.35619,-1.57080,0.00000
400
0.78540,-2.35619,1.57080,3.14159,-2.35619,-2.35619,-1.57080,0.00000
500
0.78540,-2.35619,1.57080,3.14159,-2.35619,-2.35619,-1.57080,0.00000
600
0.78540,-2.35619,1.57080,3.14159,-2.35619,-2.35619,-1.57080,0.00000
700
0.78540,-2.35619,1.57080,3.14159,-2.35619,-2.35619,-1.57080,0.00000
800
0.78540,-2.35619,1.57080,3.14159,-2.35619,-2.35619,-1.57080,0.00000
900
-2.35619,0.00000,0.78540,2.35619,2.35619,-2.35619,3.14159,-1.57080
1000
-2.35619,0.00000,0.78540,2.35619,2.35619,-2.35619,3.14159,-1.57080
