100
1.57080,-2.35619,3.14159,0.00000,-2.35619,0.00000,-0.78540,1.57080
200
0.78540,0.78540,1.57080,-2.35619,1.57080,3.14159,-2.35619,0.78540
300
-2.35619,2.35619,-2.35619,-2.35619,-0.78540,3.14159,-0.78540,-1.57080
400
-2.35619,2.35619,-2.35619,-2.35619,-0.78540,3.14159,-0.78540,-1.57080
500
-2.35619,2.35619,-2.35619,-2.35619,-0.78540,3.14159,-0.78540,-1.57080
600
-2.35619,2.35619,-2.35619,-2.35619,-0.78540,3.14159,-0.78540,-1.57080
700
-2.35619,2.35619,-2.35619,-2.35619,-0.78540,3.14159,-0.78540,-1.57080
800
-2.35619,2.35619,-2.35619,-2.35619,-0.78540,3.14159,-0.78540,-1.57080
900
0.00000,2.35619,1.57080,-2.35619,3.14159,-2.35619,-1.57080,0.00000
1000
0.00000,2.35619,1.57080,-2.35619,3.14159,-2.35619,-1.57080,0.00000
