100
0.78540,-0.78540,1.57080,3.14159,-2.35619,-1.57080,-0.78540,0.78540
200
0.78540,-0.78540,1.57080,3.14159,-2.35619,-1.57080,-0.78540,0.78540
300
0.78540,-0.78540,1.57080,3.14159,-2.35619,-1.57080,-0.78540,0.78540
400
1.57080,-2.35619,1.57080,3.14159,-2.35619,-2.35619,-2.35619,-0.78540
500
1.57080,-2.35619,1.57080,3.14159,-2.35619,-2.35619,-2.35619,-0.78540
600
1.57080,-2.35619,1.57080,3.14159,-2.35619,-2.35619,-2.35619,-0.78540
700
3.14159,-2.35619,0.78540,3.14159,-2.35619,-1.57080,0.00000,-2.35619
800
3.14159,-2.35619,0.78540,3.14159,-2.35619,-1.57080,0.00000,-2.35619
900
3.14159,-2.35619,0.78540,3.14159,-2.35619,-1.57080,0.00000,-2.35619
1000
3.14159,-2.35619,0.78540,3.14159,-2.35619,-1.57080,0.00000,-2.35619
