100
1.57080,-2.35619,-2.35619,0.00000,3.14159,-2.35619,-0.78540,0.00000
200
1.57080,2.35619,-2.35619,-1.57080,1.57080,-2.35619,-1.57080,1.57080
300
1.57080,2.35619,-2.35619,-1.57080,1.57080,-2.35619,-1.57080,1.57080
400
1.57080,-2.35619,2.35619,-1.57080,-2.35619,0.00000,-1.57080,0.78540
500
1.57080,-2.35619,2.35619,-1.57080,-2.35619,0.00000,-1.57080,0.78540
600
0.78540,-2.35619,2.35619,-2.35619,-1.57080,-1.57080,0.00000,0.00000
700
0.78540,-2.35619,2.35619,-2.35619,-1.57080,-1.57080,0.00000,0.00000
800
0.78540,-2.35619,2.35619,-2.35619,-1.57080,-1.57080,0.00000,0.00000
900
0.78540,-2.35619,2.35619,-2.35619,-1.57080,-1.57080,0.00000,0.00000
1000
0.78540,-2.35619,2.35619,-2.35619,-1.57080,-1.57080,0.00000,0.00000
