100
3.14159,0.00000,0.78540,3.14159,0.78540,3.14159,2.35619,3.14159
200
2.35619,2.35619,2.35619,-2.35619,2.35619,-2.35619,-2.35619,-1.57080
300
2.35619,2.35619,2.35619,-2.35619,2.35619,-2.35619,-2.35619,-1.57080
400
3.14159,2.35619,3.14159,-2.35619,-2.35619,-0.78540,-2.35619,-1.57080
500
3.14159,2.35619,3.14159,-2.35619,-2.35619,-0.78540,-2.35619,-1.57080
600
2.35619,3.14159,3.14159,-2.35619,-2.35619,-1.57080,-1.57080,-0.78540
700
2.35619,3.14159,3.14159,-2.35619,-2.35619,-1.57080,-1.57080,-0.78540
800
2.35619,3.14159,3.14159,-2.35619,-2.35619,-1.57080,-1.57080,-0.78540
900
2.35619,3.14159,3.14159,-2.35619,-2.35619,-1.57080,-1.57080,-0.78540
1000
2.35619,3.14159,3.14159,-2.35619,-2.35619,-1.57080,-1.57080,-0.78540
