100
0.00000,1.57080,-2.35619,1.57080,-2.35619,3.14159,-2.35619,0.00000
200
0.00000,1.57080,-2.35619,1.57080,-2.35619,3.14159,-2.35619,0.00000
300
0.00000,1.57080,-2.35619,1.57080,-2.35619,3.14159,-2.35619,0.00000
400
0.00000,2.35619,-2.35619,2.35619,-2.35619,-2.35619,-1.57080,-0.78540
500
0.00000,2.35619,-2.35619,2.35619,-2.35619,-2.35619,-1.57080,-0.78540
600
0.00000,2.35619,-2.35619,2.35619,-2.35619,-2.35619,-1.57080,-0.78540
700
0.00000,2.35619,-2.35619,2.35619,-2.35619,-2.35619,-1.57080,-0.78540
800
-2.35619,0.00000,2.35619,-1.57080,0.00000,1.57080,2.35619,-2.35619
900
-2.35619,0.00000,0.78540,1.57080,2.35619,3.14159,3.14159,-2.35619
1000
-0.78540,0.00000,1.57080,0.78540,1.57080,2.35619,1.57080,-2.35619
