100
1.57080,1.57080,3.14159,-1.57080,-0.78540,1.57080,-2.35619,1.57080
200
1.57080,2.35619,2.35619,2.35619,-2.35619,3.14159,-1.57080,-2.35619
300
1.57080,2.35619,2.35619,2.35619,-2.35619,3.14159,-1.57080,-2.35619
400
1.57080,2.35619,2.35619,2.35619,-2.35619,3.14159,-1.57080,-2.35619
500
1.57080,2.35619,2.35619,2.35619,-2.35619,3.14159,-1.57080,-2.35619
600
1.57080,2.35619,2.35619,2.35619,-2.35619,3.14159,-1.57080,-2.35619
700
1.57080,2.35619,2.35619,2.35619,-2.35619,3.14159,-1.57080,-2.35619
800
3.14159,0.78540,2.35619,2.35619,-2.35619,3.14159,-1.57080,-2.35619
900
3.14159,0.78540,2.35619,2.35619,-2.35619,3.14159,-1.57080,-2.35619
1000
3.14159,0.78540,2.35619,2.35619,-2.35619,3.14159,-1.57080,-2.35619
