100
3.14159,-2.35619,-1.57080,0.78540,-0.78540,0.78540,2.35619,-2.35619
200
0.00000,2.35619,-1.57080,2.35619,0.00000,-2.35619,1.57080,-0.78540
300
0.78540,2.35619,-2.35619,3.14159,-0.78540,-2.35619,-0.78540,0.78540
400
0.78540,2.35619,-2.35619,3.14159,-0.78540,-2.35619,-0.78540,0.78540
500
2.35619,3.14159,-2.35619,3.14159,-1.57080,-2.35619,-1.57080,-0.78540
600
2.35619,3.14159,-2.35619,3.14159,-1.57080,-2.35619,-1.57080,-0.78540
700
2.35619,3.14159,-2.35619,3.14159,-1.57080,-2.35619,-1.57080,-0.78540
800
2.35619,3.14159,-2.35619,3.14159,-1.57080,-2.35619,-1.57080,-0.78540
900
2.35619,3.14159,-2.35619,3.14159,-1.57080,-2.35619,-1.57080,-0.78540
1000
2.35619,3.14159,-2.35619,3.14159,-1.57080,-2.35619,-1.57080,-0.78540
