100
-0.78540,0.00000,1.57080,3.14159,1.57080,-2.35619,3.14159,0.00000
200
2.35619,-1.57080,0.78540,0.78540,3.14159,0.78540,3.14159,3.14159
300
2.35619,-1.57080,0.78540,0.78540,3.14159,0.78540,3.14159,3.14159
400
2.35619,-1.57080,0.78540,0.78540,3.14159,0.78540,3.14159,3.14159
500
3.14159,-2.35619,0.00000,-2.35619,0.00000,0.78540,2.35619,-2.35619
600
3.14159,-2.35619,-0.78540,-0.78540,0.78540,0.78540,2.35619,-2.35619
700
3.14159,-2.35619,-0.78540,-0.78540,0.78540,0.78540,2.35619,-2.35619
800
3.14159,-2.35619,-0.78540,-0.78540,0.78540,0.78540,2.35619,-2.35619
900
3.14159,-2.35619,-0.78540,-0.78540,0.78540,0.78540,2.35619,-2.35619
1000
3.14159,-2.35619,-0.78540,-0.78540,0.78540,0.78540,2.35619,-2.35619
