100
-0.78540,3.14159,1.57080,3.14159,3.14159,3.14159,-1.57080,-1.57080
200
-1.57080,-2.35619,0.00000,0.00000,2.35619,1.57080,-2.35619,-1.57080
300
-1.57080,-2.35619,0.00000,0.00000,2.35619,1.57080,-2.35619,-1.57080
400
-1.57080,-2.35619,0.00000,0.00000,2.35619,1.57080,-2.35619,-1.57080
500
-1.57080,-2.35619,0.00000,0.00000,2.35619,1.57080,-2.35619,-1.57080
600
-1.57080,-2.35619,0.00000,0.00000,2.35619,1.57080,-2.35619,-1.57080
700
-1.57080,-2.35619,0.00000,0.00000,2.35619,1.57080,-2.35619,-1.57080
800
-0.78540,-0.78540,1.57080,0.00000,2.35619,1.57080,-2.35619,0.00000
900
-0.78540,-0.78540,1.57080,0.00000,2.35619,1.57080,-2.35619,0.00000
1000
-0.78540,-0.78540,1.57080,0.00000,2.35619,1.57080,-2.35619,0.00000
