100
0.78540,-2.35619,1.57080,2.35619,-2.35619,-2.35619,-0.78540,0.00000
200
0.78540,-2.35619,1.57080,2.35619,-2.35619,-2.35619,-0.78540,0.00000
300
0.78540,-2.35619,1.57080,2.35619,-2.35619,-2.35619,-0.78540,0.00000
400
0.78540,-2.35619,1.57080,2.35619,-2.35619,-2.35619,-0.78540,0.00000
500
-2.35619,0.78540,-2.35619,-2.35619,-0.78540,-0.78540,0.00000,1.57080
600
-2.35619,0.78540,-2.35619,-2.35619,-0.78540,-0.78540,0.00000,1.57080
700
-2.35619,0.78540,-2.35619,-2.35619,-0.78540,-0.78540,0.00000,1.57080
800
-2.35619,0.78540,-2.35619,-2.35619,-0.78540,-0.78540,0.00000,1.57080
900
-2.35619,0.78540,-2.35619,-2.35619,-0.78540,-0.78540,0.00000,1.57080
1000
-2.35619,0.78540,-2.35619,-2.35619,-0.78540,-0.78540,0.00000,1.57080
