100
1.57080,-0.78540,1.57080,-2.35619,1.57080,-2.35619,-2.35619,0.78540
200
1.57080,-0.78540,1.57080,-2.35619,1.57080,-2.35619,-2.35619,0.78540
300
1.57080,-0.78540,1.57080,-2.35619,1.57080,-2.35619,-2.35619,0.78540
400
1.57080,-0.78540,1.57080,-2.35619,1.57080,-2.35619,-2.35619,0.78540
500
1.57080,-0.78540,1.57080,-2.35619,1.57080,-2.35619,-2.35619,0.78540
600
0.78540,1.57080,2.35619,-2.35619,3.14159,-2.35619,-1.57080,0.00000
700
1.57080,1.57080,3.14159,-2.35619,3.14159,-0.78540,-2.35619,0.78540
800
1.57080,2.35619,3.14159,-2.35619,3.14159,-1.57080,-1.57080,0.78540
900
1.57080,2.35619,3.14159,-2.35619,3.14159,-1.57080,-1.57080,0.78540
1000
1.57080,2.35619,3.14159,-2.35619,3.14159,-1.57080,-1.57080,0.78540
