100
3.14159,-2.35619,-0.78540,0.00000,-0.78540,0.00000,0.78540,2.35619
200
3.14159,-2.35619,-0.78540,0.00000,-0.78540,0.00000,0.78540,2.35619
300
3.14159,3.14159,-2.35619,-1.57080,0.00000,0.78540,2.35619,-2.35619
400
3.14159,3.14159,-2.35619,-1.57080,0.00000,0.00000,1.57080,-2.35619
500
3.14159,3.14159,-2.35619,-1.57080,0.00000,0.00000,1.57080,-2.35619
600
3.14159,3.14159,-2.35619,-1.57080,-0.78540,0.00000,1.57080,-2.35619
700
3.14159,3.14159,-2.35619,-1.57080,-0.78540,-0.78540,0.78540,-2.35619
800
3.14159,3.14159,-2.35619,-1.57080,-0.78540,-0.78540,0.78540,-2.35619
900
3.14159,3.14159,-2.35619,-1.57080,-0.78540,-0.78540,0.78540,-2.35619
1000
3.14159,3.14159,-2.35619,-1.57080,-0.78540,-0.78540,0.78540,-2.35619
