-18.88
0.00000,0.00000,0.00000,0.00000,0.00000,0.00000,0.00000,0.00000
-4.13
0.00000,2.35619,1.57080,-1.57080,1.57080,2.35619,0.00000,0.00000
-2.16
0.78540,0.00000,1.57080,-0.78540,-0.78540,-0.78540,0.78540,1.57080
-1.89
0.00000,-0.78540,2.35619,0.00000,-0.78540,0.00000,1.57080,2.35619
-1.00
0.00000,0.00000,-2.35619,-2.35619,1.57080,-2.35619,-1.57080,0.00000
1.51
0.78540,2.35619,0.00000,-2.35619,1.57080,-1.57080,-0.78540,0.00000
4.17
0.00000,-0.78540,1.57080,-2.35619,2.35619,-2.35619,0.00000,0.00000
5.51
0.78540,-2.35619,-2.35619,0.78540,3.14159,-2.35619,-0.78540,0.78540
9.64
1.57080,-2.35619,-2.35619,0.00000,3.14159,-2.35619,-0.78540,0.00000
13.90
1.57080,2.35619,-2.35619,-1.57080,1.57080,-2.35619,-1.57080,1.57080
16.96
0.78540,-2.35619,2.35619,-2.35619,-1.57080,-0.78540,0.00000,0.78540
18.09
0.78540,-2.35619,2.35619,-1.57080,-2.35619,-0.78540,-0.78540,0.78540
20.82
1.57080,-2.35619,2.35619,-1.57080,-2.35619,0.00000,-1.57080,0.78540
25.91
0.78540,-2.35619,2.35619,-2.35619,-1.57080,-1.57080,0.00000,0.00000
