-18.88
0.00000,0.00000,0.00000,0.00000,0.00000,0.00000,0.00000,0.00000
-10.68
0.78540,1.57080,0.00000,0.00000,0.00000,-1.57080,0.78540,0.00000
-1.27
-0.78540,0.00000,1.57080,0.00000,1.57080,-1.57080,0.00000,0.78540
0.07
1.57080,-2.35619,2.35619,0.78540,3.14159,-2.35619,-0.78540,3.14159
0.29
0.00000,0.00000,3.14159,1.57080,3.14159,-0.78540,0.00000,1.57080
3.57
1.57080,-1.57080,3.14159,3.14159,0.00000,-0.78540,0.78540,1.57080
6.01
2.35619,-1.57080,-1.57080,1.57080,-1.57080,-2.35619,0.00000,1.57080
8.90
1.57080,-2.35619,3.14159,0.00000,-2.35619,0.00000,-0.78540,1.57080
10.08
0.78540,0.78540,1.57080,-2.35619,1.57080,3.14159,-2.35619,0.78540
10.47
-2.35619,2.35619,-2.35619,-2.35619,-0.78540,3.14159,-0.78540,-1.57080
13.68
0.00000,2.35619,1.57080,-2.35619,3.14159,-2.35619,-1.57080,0.00000
