-18.88
0.00000,0.00000,0.00000,0.00000,0.00000,0.00000,0.00000,0.00000
-7.02
0.00000,-0.78540,0.00000,-0.78540,0.78540,0.78540,0.00000,0.00000
-5.49
-0.78540,-0.78540,-0.78540,0.00000,-0.78540,-1.57080,1.57080,0.00000
-3.30
-0.78540,-1.57080,-2.35619,0.78540,0.78540,-1.57080,1.57080,-1.57080
-0.95
-1.57080,-0.78540,-2.35619,0.78540,0.00000,-1.57080,1.57080,-1.57080
-0.44
-2.35619,0.78540,-2.35619,1.57080,0.00000,0.00000,1.57080,-2.35619
10.36
-0.78540,-1.57080,-1.57080,0.00000,-0.78540,0.00000,1.57080,0.00000
13.47
-1.57080,-0.78540,0.00000,0.00000,1.57080,2.35619,-2.35619,0.00000
13.81
-2.35619,-1.57080,0.00000,0.00000,1.57080,3.14159,0.78540,-2.35619
14.28
-2.35619,-2.35619,0.00000,-0.78540,1.57080,2.35619,-0.78540,-2.35619
16.08
-2.35619,-2.35619,0.00000,-0.78540,1.57080,0.78540,2.35619,-2.35619
17.14
-2.35619,-2.35619,-0.78540,-0.78540,0.78540,0.78540,2.35619,-2.35619
17.43
-2.35619,-2.35619,0.00000,-0.78540,1.57080,0.00000,1.57080,-2.35619
18.93
-2.35619,-2.35619,-0.78540,-0.78540,0.78540,0.00000,1.57080,-2.35619
19.74
-2.35619,-2.35619,0.00000,-1.57080,0.78540,0.00000,1.57080,-2.35619
23.20
-2.35619,-2.35619,-0.78540,-0.78540,0.00000,0.78540,1.57080,-2.35619
