-18.88
0.00000,0.00000,0.00000,0.00000,0.00000,0.00000,0.00000,0.00000
-9.60
1.57080,0.00000,-0.78540,0.00000,-1.57080,-2.35619,-0.78540,-0.78540
-4.55
1.57080,-0.78540,0.78540,2.35619,1.57080,-0.78540,-0.78540,0.00000
1.51
-1.57080,2.35619,0.00000,-0.78540,-0.78540,0.78540,-0.78540,2.35619
2.80
-1.57080,0.00000,-0.78540,0.00000,0.00000,0.78540,0.78540,0.00000
3.01
-2.35619,-0.78540,-0.78540,-1.57080,1.57080,0.78540,2.35619,0.78540
5.41
2.35619,2.35619,-2.35619,3.14159,3.14159,-2.35619,-2.35619,0.00000
18.13
-2.35619,-2.35619,0.00000,1.57080,3.14159,-2.35619,-0.78540,-1.57080
