-18.88
0.00000,0.00000,0.00000,0.00000,0.00000,0.00000,0.00000,0.00000
-3.13
-0.78540,-0.78540,1.57080,-0.78540,0.00000,0.00000,0.78540,0.00000
3.04
0.00000,-0.78540,0.00000,-0.78540,1.57080,2.35619,-2.35619,0.78540
9.72
0.00000,1.57080,0.00000,0.78540,2.35619,2.35619,-2.35619,2.35619
10.01
-2.35619,-2.35619,0.00000,1.57080,3.14159,3.14159,-0.78540,-2.35619
13.78
-1.57080,0.00000,0.78540,0.78540,2.35619,3.14159,0.78540,-2.35619
14.05
0.00000,0.78540,0.78540,1.57080,2.35619,3.14159,2.35619,-2.35619
15.70
-2.35619,0.00000,0.78540,1.57080,2.35619,3.14159,3.14159,-1.57080
17.05
-0.78540,0.78540,0.78540,1.57080,2.35619,3.14159,3.14159,-1.57080
21.76
2.35619,0.00000,1.57080,1.57080,2.35619,3.14159,3.14159,-2.35619
25.01
-2.35619,0.00000,0.00000,1.57080,0.78540,2.35619,2.35619,-2.35619
