-18.88
0.00000,0.00000,0.00000,0.00000,0.00000,0.00000,0.00000,0.00000
-10.42
0.00000,-0.78540,0.78540,1.57080,-0.78540,0.78540,-0.78540,0.78540
-6.93
0.00000,-1.57080,0.78540,1.57080,-1.57080,0.78540,0.00000,-0.78540
-0.84
-0.78540,-2.35619,-1.57080,0.00000,-1.57080,-0.78540,0.78540,-2.35619
1.95
-0.78540,0.00000,-0.78540,0.00000,1.57080,-0.78540,1.57080,-2.35619
5.96
-1.57080,-0.78540,0.78540,0.78540,0.78540,0.78540,3.14159,-2.35619
10.08
-1.57080,0.00000,0.78540,1.57080,2.35619,0.00000,2.35619,-1.57080
11.51
0.00000,-2.35619,0.00000,3.14159,-1.57080,-0.78540,0.78540,0.00000
16.37
0.78540,-2.35619,1.57080,3.14159,-2.35619,-2.35619,-1.57080,0.00000
16.78
-2.35619,0.00000,0.78540,2.35619,2.35619,-2.35619,3.14159,-1.57080
