-18.88
0.00000,0.00000,0.00000,0.00000,0.00000,0.00000,0.00000,0.00000
-2.19
-1.57080,0.00000,0.78540,-1.57080,0.00000,1.57080,-1.57080,0.00000
5.44
-1.57080,2.35619,-0.78540,-1.57080,-0.78540,0.00000,-0.78540,2.35619
12.41
-0.78540,1.57080,-2.35619,-2.35619,-1.57080,0.00000,-0.78540,0.78540
13.89
0.78540,-2.35619,1.57080,-2.35619,-1.57080,-1.57080,0.00000,0.78540
15.09
2.35619,-2.35619,3.14159,-2.35619,-0.78540,-2.35619,-0.78540,0.00000
15.99
2.35619,-2.35619,3.14159,-2.35619,-0.78540,-2.35619,0.00000,-1.57080
17.49
2.35619,-2.35619,3.14159,-2.35619,-0.78540,-2.35619,-0.78540,-0.78540
22.77
1.57080,-2.35619,3.14159,-2.35619,-0.78540,-2.35619,-0.78540,0.00000
