-18.88
0.00000,0.00000,0.00000,0.00000,0.00000,0.00000,0.00000,0.00000
-0.58
-2.35619,-1.57080,0.00000,0.00000,-0.78540,0.00000,0.00000,-0.78540
0.34
-0.78540,-2.35619,-1.57080,0.78540,1.57080,0.00000,1.57080,-1.57080
3.67
-0.78540,-2.35619,1.57080,-2.35619,2.35619,-2.35619,0.00000,-1.57080
4.07
-1.57080,-2.35619,-0.78540,-0.78540,-2.35619,0.78540,0.78540,2.35619
10.09
0.78540,-0.78540,1.57080,3.14159,-2.35619,-1.57080,-0.78540,0.78540
13.22
1.57080,-2.35619,1.57080,3.14159,-2.35619,-2.35619,-2.35619,-0.78540
14.41
3.14159,-2.35619,0.78540,3.14159,-2.35619,-1.57080,0.00000,-2.35619
