-18.88
0.00000,0.00000,0.00000,0.00000,0.00000,0.00000,0.00000,0.00000
-3.59
0.00000,-0.78540,-0.78540,-0.78540,0.78540,0.78540,0.78540,-0.78540
-2.82
0.78540,3.14159,-0.78540,1.57080,0.78540,1.57080,1.57080,0.78540
0.60
0.00000,3.14159,-1.57080,0.78540,0.00000,1.57080,3.14159,0.78540
2.36
0.00000,2.35619,-0.78540,1.57080,0.78540,2.35619,3.14159,0.78540
6.91
1.57080,-2.35619,-0.78540,-1.57080,0.00000,0.00000,3.14159,0.00000
12.37
-2.35619,-0.78540,0.00000,1.57080,-2.35619,0.00000,2.35619,-1.57080
12.49
3.14159,0.00000,3.14159,1.57080,-2.35619,-2.35619,-1.57080,0.00000
12.99
0.78540,-2.35619,2.35619,-1.57080,-2.35619,-0.78540,-0.78540,0.00000
14.90
2.35619,-1.57080,1.57080,-2.35619,-1.57080,0.00000,0.78540,3.14159
15.29
1.57080,-2.35619,3.14159,-2.35619,-0.78540,-1.57080,0.00000,0.00000
16.78
1.57080,-2.35619,3.14159,-2.35619,-1.57080,-1.57080,0.00000,0.78540
17.58
1.57080,-2.35619,3.14159,-2.35619,-1.57080,-1.57080,-0.78540,0.78540
21.02
0.78540,-2.35619,3.14159,-1.57080,-1.57080,-0.78540,0.00000,0.78540
22.02
1.57080,-2.35619,3.14159,-1.57080,-1.57080,-0.78540,0.00000,0.78540
