-18.88
0.00000,0.00000,0.00000,0.00000,0.00000,0.00000,0.00000,0.00000
-10.94
0.78540,0.78540,-0.78540,1.57080,0.78540,0.78540,0.78540,-1.57080
-2.29
0.78540,0.00000,0.78540,1.57080,0.00000,1.57080,-1.57080,-2.35619
3.23
0.00000,-1.57080,-2.35619,0.00000,-1.57080,0.78540,0.00000,0.00000
3.98
2.35619,-1.57080,-2.35619,-1.57080,0.78540,0.78540,-1.57080,1.57080
8.78
0.78540,-2.35619,2.35619,-2.35619,0.00000,-2.35619,0.78540,0.00000
9.54
-1.57080,-2.35619,-2.35619,-1.57080,-0.78540,-0.78540,0.00000,-0.78540
10.06
-2.35619,-2.35619,-0.78540,-0.78540,0.00000,0.78540,-2.35619,0.00000
10.86
-2.35619,-2.35619,-1.57080,-0.78540,0.00000,0.78540,-2.35619,0.00000
11.22
0.78540,-2.35619,0.78540,2.35619,-1.57080,1.57080,-2.35619,0.00000
17.33
-2.35619,-1.57080,0.00000,0.00000,1.57080,1.57080,3.14159,-2.35619
18.93
-2.35619,-2.35619,-0.78540,-0.78540,0.78540,0.00000,1.57080,-2.35619
21.29
-2.35619,-2.35619,0.00000,-0.78540,1.57080,0.78540,3.14159,-1.57080
