-18.89
0.00000,0.00000,0.00000,0.00000,0.00000,0.00000,0.00000,0.00000
-12.79
1.57080,0.00000,-0.78540,-0.78540,-0.78540,-0.78540,-1.57080,-0.78540
-8.73
0.00000,0.00000,-0.78540,0.78540,0.78540,0.78540,-0.78540,0.00000
1.54
0.00000,-0.78540,1.57080,0.00000,2.35619,-1.57080,1.57080,0.78540
10.02
-1.57080,0.00000,-0.78540,0.78540,0.78540,0.78540,2.35619,-0.78540
10.19
3.14159,-2.35619,-0.78540,0.00000,-0.78540,0.00000,0.78540,2.35619
11.03
3.14159,2.35619,-2.35619,-1.57080,-1.57080,-0.78540,0.00000,-2.35619
11.08
3.14159,3.14159,-2.35619,-0.78540,0.00000,0.78540,2.35619,-2.35619
11.17
3.14159,3.14159,-2.35619,-1.57080,0.00000,0.00000,2.35619,-2.35619
11.21
3.14159,3.14159,-2.35619,-1.57080,0.00000,0.78540,2.35619,-2.35619
12.52
3.14159,3.14159,-2.35619,-1.57080,0.00000,0.00000,1.57080,-2.35619
17.12
3.14159,3.14159,-2.35619,-1.57080,-0.78540,0.00000,1.57080,-2.35619
18.94
3.14159,3.14159,-2.35619,-1.57080,-0.78540,-0.78540,0.78540,-2.35619
