-18.89
0.00000,0.00000,0.00000,0.00000,0.00000,0.00000,0.00000,0.00000
-4.95
0.00000,-1.57080,1.57080,-0.78540,0.00000,0.00000,-0.78540,1.57080
1.68
0.00000,-1.57080,0.78540,0.00000,-0.78540,0.78540,0.00000,1.57080
2.11
3.14159,0.78540,3.14159,-1.57080,0.00000,-0.78540,-1.57080,0.00000
2.30
3.14159,-1.57080,1.57080,1.57080,3.14159,-1.57080,-0.78540,-1.57080
4.53
1.57080,-1.57080,-1.57080,-0.78540,1.57080,0.78540,2.35619,0.78540
7.73
1.57080,1.57080,3.14159,-1.57080,-0.78540,1.57080,-2.35619,1.57080
8.59
3.14159,0.78540,1.57080,2.35619,-2.35619,3.14159,-2.35619,-2.35619
16.67
1.57080,2.35619,2.35619,2.35619,-2.35619,3.14159,-1.57080,-2.35619
21.71
3.14159,0.78540,2.35619,2.35619,-2.35619,3.14159,-1.57080,-2.35619
