-18.89
0.00000,0.00000,0.00000,0.00000,0.00000,0.00000,0.00000,0.00000
-5.82
1.57080,-0.78540,0.78540,0.00000,1.57080,0.78540,0.78540,0.78540
-5.67
1.57080,0.78540,0.78540,1.57080,1.57080,2.35619,0.00000,0.00000
-0.53
2.35619,2.35619,-0.78540,0.00000,1.57080,0.78540,-2.35619,-2.35619
2.67
0.78540,1.57080,1.57080,-2.35619,3.14159,-0.78540,0.00000,-0.78540
2.98
-2.35619,0.00000,-0.78540,0.00000,2.35619,0.78540,2.35619,0.78540
3.50
-2.35619,-1.57080,-0.78540,-0.78540,3.14159,0.00000,2.35619,-1.57080
4.57
2.35619,3.14159,3.14159,-2.35619,3.14159,-1.57080,0.78540,-1.57080
4.76
3.14159,2.35619,1.57080,3.14159,3.14159,3.14159,-2.35619,-2.35619
6.11
1.57080,2.35619,3.14159,3.14159,3.14159,3.14159,-2.35619,-2.35619
9.35
-0.78540,3.14159,1.57080,3.14159,3.14159,3.14159,-1.57080,-1.57080
10.01
-1.57080,-0.78540,0.78540,1.57080,2.35619,2.35619,-2.35619,-2.35619
10.45
-1.57080,-0.78540,0.00000,1.57080,2.35619,2.35619,-2.35619,-1.57080
17.95
-1.57080,-2.35619,0.00000,0.00000,2.35619,1.57080,-2.35619,-1.57080
18.29
0.00000,0.78540,1.57080,-2.35619,0.78540,2.35619,-2.35619,0.78540
19.05
-0.78540,-0.78540,1.57080,0.00000,2.35619,1.57080,-2.35619,0.00000
