-18.89
0.00000,0.00000,0.00000,0.00000,0.00000,0.00000,0.00000,0.00000
4.56
1.57080,0.78540,2.35619,-1.57080,0.00000,-0.78540,0.78540,1.57080
4.69
1.57080,1.57080,3.14159,-2.35619,0.00000,0.00000,0.00000,2.35619
5.13
0.00000,0.00000,1.57080,2.35619,2.35619,1.57080,3.14159,0.78540
6.61
-1.57080,-0.78540,0.00000,1.57080,0.78540,1.57080,2.35619,1.57080
10.18
-0.78540,0.00000,1.57080,3.14159,1.57080,-2.35619,3.14159,0.00000
15.15
2.35619,-1.57080,0.78540,0.78540,3.14159,0.78540,3.14159,3.14159
20.02
3.14159,-2.35619,0.00000,-2.35619,0.00000,0.78540,2.35619,-2.35619
27.04
3.14159,-2.35619,-0.78540,-0.78540,0.78540,0.78540,2.35619,-2.35619
