-18.89
0.00000,0.00000,0.00000,0.00000,0.00000,0.00000,0.00000,0.00000
-6.73
1.57080,-0.78540,0.78540,0.78540,0.00000,-2.35619,-0.78540,-0.78540
-5.48
1.57080,0.00000,0.00000,0.78540,0.00000,-2.35619,-1.57080,-1.57080
-3.56
1.57080,0.78540,1.57080,0.00000,0.78540,-2.35619,-1.57080,-0.78540
-1.30
1.57080,-1.57080,-0.78540,-0.78540,1.57080,1.57080,-0.78540,3.14159
8.71
2.35619,-1.57080,0.00000,0.00000,0.78540,0.78540,0.78540,2.35619
10.51
1.57080,-0.78540,1.57080,-2.35619,1.57080,-2.35619,-2.35619,0.78540
10.84
1.57080,2.35619,3.14159,-2.35619,3.14159,-2.35619,-2.35619,-0.78540
11.76
0.78540,1.57080,2.35619,-2.35619,3.14159,-2.35619,-1.57080,0.00000
15.54
1.57080,1.57080,3.14159,-2.35619,3.14159,-0.78540,-2.35619,0.78540
17.51
1.57080,2.35619,3.14159,-2.35619,3.14159,-1.57080,-1.57080,0.78540
