-18.89
0.00000,0.00000,0.00000,0.00000,0.00000,0.00000,0.00000,0.00000
-12.88
0.00000,1.57080,0.00000,0.00000,-0.78540,0.78540,-1.57080,-0.78540
-11.99
0.00000,2.35619,3.14159,0.78540,0.00000,0.78540,-2.35619,0.00000
1.39
0.78540,2.35619,2.35619,1.57080,-1.57080,0.00000,-2.35619,0.00000
3.44
0.78540,3.14159,2.35619,2.35619,-1.57080,2.35619,0.00000,-0.78540
4.24
2.35619,2.35619,-2.35619,2.35619,-1.57080,-0.78540,0.78540,-0.78540
6.09
1.57080,2.35619,-2.35619,-2.35619,-0.78540,-0.78540,-2.35619,-0.78540
7.65
3.14159,0.00000,0.78540,3.14159,0.78540,3.14159,2.35619,3.14159
12.33
2.35619,2.35619,2.35619,-2.35619,3.14159,-0.78540,-2.35619,-2.35619
13.09
2.35619,2.35619,2.35619,-2.35619,2.35619,-2.35619,-2.35619,-1.57080
13.45
3.14159,3.14159,2.35619,-2.35619,-2.35619,-1.57080,-0.78540,-2.35619
19.61
3.14159,2.35619,3.14159,-2.35619,-2.35619,-0.78540,-2.35619,-1.57080
24.37
2.35619,3.14159,3.14159,-2.35619,-2.35619,-1.57080,-1.57080,-0.78540
