-18.89
0.00000,0.00000,0.00000,0.00000,0.00000,0.00000,0.00000,0.00000
-9.37
0.00000,0.78540,-1.57080,-1.57080,0.78540,-0.78540,-0.78540,2.35619
-0.12
1.57080,-2.35619,-0.78540,0.00000,0.00000,-2.35619,-0.78540,1.57080
9.01
0.78540,-1.57080,2.35619,-1.57080,-0.78540,3.14159,0.00000,0.78540
9.47
0.00000,3.14159,3.14159,-2.35619,-0.78540,-1.57080,1.57080,-0.78540
18.94
-1.57080,0.00000,2.35619,2.35619,-2.35619,-2.35619,-0.78540,-0.78540
20.36
0.00000,1.57080,2.35619,2.35619,-2.35619,2.35619,-2.35619,-0.78540
22.63
-0.78540,1.57080,2.35619,-2.35619,-2.35619,0.00000,-2.35619,0.00000
