-18.89
0.00000,0.00000,0.00000,0.00000,0.00000,0.00000,0.00000,0.00000
-9.03
0.78540,0.00000,0.78540,0.78540,0.00000,1.57080,0.00000,-0.78540
-5.14
1.57080,0.00000,2.35619,0.78540,-0.78540,0.78540,1.57080,0.78540
-3.48
2.35619,-2.35619,0.78540,1.57080,0.00000,0.00000,3.14159,2.35619
2.52
2.35619,-2.35619,-0.78540,1.57080,-1.57080,-0.78540,1.57080,0.00000
10.52
3.14159,-2.35619,-1.57080,0.78540,-0.78540,0.78540,2.35619,-2.35619
10.90
0.00000,2.35619,-1.57080,2.35619,0.00000,-2.35619,1.57080,-0.78540
21.40
0.78540,2.35619,-2.35619,3.14159,-0.78540,-2.35619,-0.78540,0.78540
22.80
2.35619,3.14159,-2.35619,3.14159,-1.57080,-2.35619,-1.57080,-0.78540
