-18.89
0.00000,0.00000,0.00000,0.00000,0.00000,0.00000,0.00000,0.00000
1.68
0.78540,-0.78540,0.78540,1.57080,0.78540,2.35619,-1.57080,-0.78540
2.60
-0.78540,0.78540,2.35619,0.78540,-2.35619,0.78540,-2.35619,-2.35619
4.41
0.00000,0.78540,1.57080,3.14159,-2.35619,-1.57080,1.57080,1.57080
5.39
1.57080,2.35619,-2.35619,2.35619,-2.35619,3.14159,-2.35619,-2.35619
10.11
0.00000,1.57080,-2.35619,1.57080,-2.35619,3.14159,-2.35619,0.00000
10.61
0.00000,2.35619,-2.35619,2.35619,-2.35619,-2.35619,-1.57080,-0.78540
11.29
-2.35619,-1.57080,0.00000,-1.57080,0.00000,0.78540,1.57080,-1.57080
12.32
-2.35619,0.00000,2.35619,-1.57080,0.00000,1.57080,2.35619,-2.35619
13.92
-2.35619,0.00000,0.78540,1.57080,2.35619,3.14159,3.14159,-2.35619
17.32
-0.78540,0.00000,1.57080,0.78540,1.57080,2.35619,1.57080,-2.35619
